# Typical transformations between the camera's optical, IMU, and infrared frames.
# All values in mm

# Explanation:
#             - matrix: A 4x4 transformation matrix representing the pose and transformation from the source frame to the destination frame. 

T:
  - source_frame: robot_base    #matrix from mocap - updated 10-dic
    destination_frame: world
    matrix:
      rows: 4
      cols: 4
      dt: d
      data: [1.43130845e-02, 9.99880622e-01, 5.82034962e-03, -1.43087402e+02,
            -1.93051841e-03, -5.79330101e-03, 9.99981355e-01, 9.12757263e+02,
            9.99895699e-01, -1.43240540e-02, 1.84736794e-03, -6.19818909e+02,
            0, 0, 0, 1]

  - source_frame: color_optical   #optical-calib
    destination_frame: robot_flange
    matrix:
      rows: 4
      cols: 4
      dt: d
      data: [0.0202555,     0.999719,    0.0122748, -0.000404874,
            -0.99961,    0.0200144,    0.0194587,      32.9645,
            0.0192076,   -0.0126642,     0.999735,      44.6762,
            0,            0,            0,            1]

  - source_frame: mocap_markers     # Obtained by the CAD model
    destination_frame: robot_flange
    matrix:
      rows: 4
      cols: 4
      dt: d
      data: [1, 0, 0,   0,
             0, 1, 0,   0,
             0, 0, 1, 18.60,  # 14.1mm + 4.5mm
             0, 0, 0,   1]

  - source_frame: color_optical
    destination_frame: accelerometer
    matrix:
      rows: 4
      cols: 4
      dt: d
      data: [ -1.5236439840782268e-03, 9.9996130930028815e-01,
             -8.6636257688974989e-03, 1.7731624201300000e-01,
             -9.9982014658446139e-01, 1.6192923276330706e-02,
             9.8723715283343672e-03, -5.1141940356500000e-02,
             -4.2218623042023312e-02, 8.5915874673141400e-03,
             9.9907145514884321e-01, 9.1998145905600004e-01, 0., 0., 0.,
             1. ]

  - source_frame: color_optical
    destination_frame: depth_optical
    matrix:
      rows: 4
      cols: 4
      data: [0.9999, 0.0023, 0.0051, 15.6,      # 15.6 mm
             -0.0022, 0.9999, -0.0019, 0.3,     #  0.3 mm
             -0.0051, 0.0018, 0.9999, 0.2,      #  0.2 mm
             0.0, 0.0, 0.0, 1.0]

  - source_frame: color_optical
    destination_frame: imu_accel
    matrix:
      rows: 4
      cols: 4
      data: [1.0000, 0.0000, 0.0000, 20.0,      #  20 mm
             0.0000, 1.0000, 0.0000, 0.0,
             0.0000, 0.0000, 1.0000, 10.0,      # 10 mm
             0.0, 0.0, 0.0, 1.0]

  - source_frame: color_optical
    destination_frame: imu_gyro
    matrix:
      rows: 4
      cols: 4
      data: [0.9999, 0.0016, 0.0031, 16.0,      #  16 mm
             -0.0015, 0.9999, -0.0020, 2.0,     # 2 mm
             -0.0030, 0.0019, 0.9999, 2.0,      #  2 mm
             0.0, 0.0, 0.0, 1.0]
